16
10 12 3 2 16 15 13 8 9 4 11 1 14 6 5 7
6 16 2 5 4 15 8 7 12 3 13 1 9 14 11 10
15 3 5 12 14 13 9 7 10 11 4 8 16 1 6 2
7 13 12 6 3 4 5 8 16 11 10 15 9 14 2 1
8 9 16 10 15 14 5 13 2 4 6 3 12 1 7 11
4 6 16 5 8 14 11 10 1 13 15 9 2 3 12 7
14 7 4 9 15 13 1 12 5 2 3 6 10 16 11 8
5 2 12 13 6 4 15 3 8 9 16 11 14 10 7 1
15 2 13 4 7 9 8 5 12 6 11 3 10 14 16 1
5 15 7 14 4 12 8 11 10 16 1 3 6 13 9 2
5 14 10 2 6 4 16 3 7 1 11 13 8 12 9 15
9 4 15 16 3 12 11 10 8 1 2 13 5 14 7 6
12 9 2 14 8 6 5 16 3 1 10 7 13 15 4 11
3 5 16 9 4 8 15 14 11 10 6 1 2 7 12 13
8 6 5 9 15 4 2 12 16 3 13 10 14 7 1 11
12 3 4 15 1 10 2 7 16 13 9 14 8 11 5 6
11 13 7 2 5 14 3 1 8 6 15 16 10 4 9 12
13 3 15 16 12 14 10 4 9 6 2 8 7 1 5 11
6 9 15 16 13 2 8 10 14 12 1 4 5 7 3 11
15 6 8 5 1 11 14 2 4 12 16 7 9 3 13 10
1 10 5 16 9 4 12 3 6 7 14 15 13 2 8 11
15 14 12 16 2 11 10 13 8 4 6 5 1 7 3 9
2 5 3 12 14 8 6 15 9 1 4 7 16 13 10 11
8 9 15 12 5 16 2 14 3 13 10 1 7 4 11 6
14 12 3 15 13 10 6 7 11 9 4 16 8 2 5 1
13 15 9 3 8 6 16 2 12 11 1 10 5 7 14 4
1 13 8 15 5 11 14 16 2 7 6 4 12 3 9 10
4 5 13 7 11 3 8 2 6 14 10 9 12 15 16 1
10 7 1 13 11 16 14 12 9 4 8 3 15 5 2 6
4 7 13 9 12 3 14 15 8 1 6 10 11 5 16 2
2 8 4 3 16 1 5 10 7 6 12 15 14 11 9 13
16 6 8 3 13 14 5 9 7 10 11 15 12 2 1 4
