32
3 14 12 7 24 8 11 16 4 28 5 26 32 23 18 27 15 29 2 20 22 19 1 10 13 21 9 30 6 17 25 31
22 18 9 10 30 19 8 31 14 7 28 13 24 11 20 29 23 1 17 3 32 15 5 21 27 6 4 12 2 16 25 26
11 22 1 17 24 3 5 2 25 30 14 8 18 9 21 32 31 7 12 28 29 10 26 6 19 27 16 15 4 20 23 13
26 20 4 11 24 15 16 10 29 9 22 17 1 12 13 5 28 19 8 21 25 14 30 23 18 7 32 6 31 27 2 3
17 5 10 20 26 24 28 16 8 29 6 1 13 21 23 18 4 2 15 22 12 9 32 7 11 31 30 27 14 25 3 19
11 8 16 24 17 31 5 29 2 3 13 12 21 4 27 1 15 19 23 22 26 7 14 9 18 20 30 10 6 32 28 25
30 15 19 10 18 1 13 23 31 9 32 17 16 24 22 27 25 11 12 21 29 2 28 7 5 3 6 8 4 14 20 26
27 8 4 16 24 18 7 13 25 6 1 28 29 22 30 14 5 21 9 20 31 26 19 32 17 23 10 11 2 12 3 15
28 17 27 8 10 32 25 1 14 20 22 3 13 15 9 5 6 7 30 12 23 19 24 2 21 16 31 29 4 11 26 18
28 13 8 20 15 9 10 18 26 21 6 3 12 27 31 23 14 16 32 29 25 30 22 1 17 2 19 11 24 5 7 4
4 15 32 16 14 30 25 10 13 22 11 12 27 21 9 3 18 29 7 17 6 2 24 23 19 8 28 1 26 20 5 31
18 11 27 20 8 29 10 7 4 19 9 2 23 25 28 17 1 16 14 30 15 26 13 6 21 12 5 22 3 24 32 31
22 13 10 14 24 27 12 19 17 8 20 11 28 15 16 6 25 26 1 2 32 5 4 3 30 18 31 9 7 29 21 23
25 11 31 29 15 21 19 14 22 18 5 23 26 27 3 20 12 16 24 10 9 2 28 13 1 4 8 6 30 7 17 32
11 3 24 20 12 31 6 4 18 26 23 25 14 19 7 8 10 9 13 17 30 22 2 1 32 21 28 16 15 29 27 5
27 24 26 12 7 21 11 15 22 18 2 32 3 28 30 16 20 9 6 31 10 17 25 4 5 1 29 14 8 13 19 23
24 11 14 28 20 1 19 5 30 29 7 12 15 21 27 3 16 9 18 2 26 6 23 4 8 22 10 25 17 13 31 32
21 7 1 16 28 27 15 17 20 2 5 32 4 29 26 30 8 31 25 19 11 9 6 14 18 22 13 3 12 10 23 24
8 17 27 10 19 25 1 31 13 4 5 3 16 32 15 6 29 12 11 28 30 7 14 24 20 22 9 18 21 2 23 26
22 2 3 29 6 1 27 26 18 7 30 16 13 25 28 32 14 31 10 21 17 4 23 19 12 24 8 9 11 20 5 15
5 32 16 20 23 22 24 4 28 14 1 8 25 12 27 13 2 11 3 10 17 29 26 9 7 6 31 18 21 15 30 19
15 16 18 26 23 22 1 8 12 17 25 20 3 11 27 13 14 19 4 5 31 28 32 24 6 9 29 2 10 7 21 30
4 14 23 27 5 11 28 26 20 22 21 15 7 12 18 6 31 24 13 8 10 30 2 3 19 16 1 17 32 29 9 25
32 19 11 24 15 5 17 22 6 18 3 14 2 28 26 7 30 9 29 20 12 10 21 13 31 27 25 23 4 8 1 16
30 31 11 6 7 19 27 3 13 14 17 1 21 4 18 22 26 8 10 25 32 20 23 16 29 15 28 2 5 24 12 9
8 18 17 21 5 28 27 1 15 16 20 11 24 25 10 14 2 30 7 3 31 12 13 32 22 23 4 29 26 19 9 6
18 32 20 24 28 21 4 22 26 23 14 16 27 7 8 11 2 25 31 3 10 30 13 19 1 5 12 15 6 29 9 17
2 23 3 19 8 22 11 1 21 29 16 4 26 13 12 24 27 5 31 25 15 17 7 30 10 14 28 32 20 9 6 18
2 29 6 20 24 14 16 1 7 28 32 26 15 31 3 11 9 23 17 12 13 18 10 21 25 4 27 30 22 19 5 8
25 24 9 5 17 12 2 22 10 18 27 29 32 26 16 19 23 21 28 6 14 7 3 4 13 11 30 8 31 1 20 15
31 22 28 32 19 15 26 12 6 9 23 4 29 10 5 1 3 25 18 7 21 13 2 24 11 30 16 14 27 20 17 8
2 16 3 12 28 25 21 19 22 30 27 32 1 14 6 11 29 8 18 5 13 9 23 17 7 31 10 15 4 20 24 26
21 10 27 1 11 14 19 18 15 4 24 12 29 32 31 2 17 20 5 30 3 13 6 22 8 28 26 23 16 7 25 9
1 14 16 19 12 31 9 21 17 3 30 20 11 18 10 2 6 27 32 4 25 15 28 24 8 13 5 23 26 7 29 22
28 21 3 26 12 25 22 19 18 11 14 5 1 8 16 30 29 17 23 4 27 24 10 6 31 20 9 7 2 32 13 15
5 24 16 27 3 7 23 21 17 12 31 30 18 4 10 2 28 9 11 26 32 25 14 20 29 6 19 1 15 22 13 8
4 31 11 10 13 26 12 1 7 6 22 23 19 15 5 30 28 18 32 2 24 29 20 21 16 17 8 27 9 3 25 14
20 23 25 19 15 16 2 17 7 10 26 30 32 12 27 14 1 5 18 31 11 29 8 21 13 28 4 22 6 24 9 3
2 18 23 19 9 27 15 7 5 17 20 29 25 32 26 13 3 1 22 21 4 16 28 11 30 14 6 10 8 24 12 31
26 5 30 3 14 29 8 2 18 9 15 16 10 7 23 28 24 11 31 22 20 32 17 19 27 12 4 6 1 13 21 25
5 10 18 25 20 24 4 22 32 8 17 31 13 9 21 19 6 29 28 11 23 2 30 15 14 27 7 26 1 12 16 3
30 11 17 2 32 27 19 23 31 25 20 6 1 4 21 15 9 26 18 12 29 28 8 24 10 7 5 22 13 16 3 14
14 30 15 11 26 6 32 7 28 3 27 29 1 9 21 2 13 4 25 10 23 22 8 12 19 5 17 20 24 16 18 31
8 23 7 12 15 22 28 29 26 2 9 11 31 32 18 27 14 5 24 10 17 4 19 21 1 6 3 13 16 20 25 30
29 11 5 28 31 10 15 21 32 16 19 1 26 23 18 9 3 14 27 20 12 25 24 22 7 17 6 8 13 2 30 4
9 7 20 15 30 32 29 18 10 22 14 23 8 17 28 13 1 12 3 27 11 2 24 25 4 16 19 21 31 5 6 26
25 29 14 16 17 3 21 7 27 1 32 2 8 20 5 13 4 31 6 12 26 9 23 19 10 18 22 24 28 30 15 11
11 21 3 30 10 22 6 27 5 2 19 31 16 25 12 17 13 18 26 24 28 20 29 7 32 1 8 9 15 23 14 4
27 30 20 21 12 8 24 28 10 15 26 31 22 11 2 6 13 17 16 1 29 19 23 32 5 3 7 4 25 14 9 18
12 3 2 23 21 29 19 27 31 32 9 16 26 5 11 18 22 6 25 10 20 1 28 14 13 8 30 7 15 17 24 4
18 8 6 20 32 7 22 23 25 27 24 1 21 28 10 3 2 30 26 16 12 13 15 14 5 31 29 19 4 11 9 17
2 14 21 13 17 11 18 3 27 1 19 7 6 10 32 26 22 9 23 30 31 24 8 12 29 4 20 16 5 15 25 28
1 17 29 10 25 3 31 19 11 24 8 21 15 22 30 26 23 7 18 14 6 12 4 2 20 13 5 9 27 32 28 16
22 18 15 32 5 16 11 25 26 24 12 10 17 21 6 27 7 9 28 23 31 2 30 19 3 8 4 13 14 29 20 1
20 30 17 7 29 3 9 24 1 14 18 6 19 4 25 22 12 13 2 15 5 27 28 23 32 21 26 11 16 8 10 31
10 30 18 28 7 25 6 1 2 26 11 17 27 5 19 21 24 22 23 15 14 12 3 8 9 32 4 20 29 13 16 31
23 5 14 29 13 1 2 15 26 11 21 9 16 19 4 7 31 12 30 24 8 17 20 6 10 28 32 18 25 22 27 3
26 2 23 9 6 30 15 12 10 1 24 16 17 13 28 4 18 5 25 22 11 8 3 20 21 27 29 31 7 14 19 32
9 11 30 32 24 7 6 15 18 13 22 2 1 19 29 23 17 25 8 28 3 20 21 5 27 10 4 31 26 16 12 14
20 8 28 6 15 10 26 13 30 22 27 7 21 29 12 17 25 19 24 18 23 31 16 1 5 9 3 2 14 4 11 32
23 21 27 3 14 9 32 20 24 16 31 18 13 28 4 5 15 22 19 7 6 12 25 8 26 2 29 17 11 10 30 1
3 12 16 7 17 18 26 13 32 28 5 27 30 31 25 29 6 20 8 2 19 9 22 10 24 11 21 15 4 1 23 14
14 29 10 12 31 2 22 24 32 19 18 20 6 17 21 13 25 26 9 28 23 3 11 16 15 30 4 7 1 27 8 5
27 5 1 11 19 16 9 32 22 18 30 3 28 10 26 20 23 21 8 29 15 7 2 24 14 17 6 31 25 13 4 12
