64
60 50 51 20 47 17 42 58 26 24 52 39 37 22 33 2 53 18 59 44 23 61 55 13 34 12 15 8 35 29 57 21 27 4 49 54 36 5 63 56 10 30 64 28 6 38 3 41 45 32 25 19 43 11 9 31 14 7 62 1 46 16 40 48
62 12 41 44 28 23 53 16 49 58 37 17 63 15 64 30 32 39 3 60 47 40 8 57 59 54 34 6 26 10 19 56 20 43 27 46 52 11 61 29 31 1 18 2 42 36 38 33 55 51 21 25 4 22 7 9 50 35 13 24 14 5 45 48
25 43 14 64 57 46 29 27 22 58 54 16 34 55 26 32 10 31 6 40 19 21 1 63 28 7 17 56 35 52 20 2 47 44 36 5 59 23 38 9 11 30 49 42 13 3 12 62 41 39 18 51 48 24 45 4 37 15 60 50 8 61 53 33
35 49 2 34 29 23 63 44 27 40 51 13 31 30 61 52 28 7 19 56 4 26 15 55 14 37 46 64 57 54 45 6 24 60 58 17 41 3 10 59 16 21 20 33 32 1 53 38 25 8 9 47 11 18 50 39 5 43 22 62 48 12 42 36
10 31 52 22 37 39 5 48 64 46 8 32 11 36 57 18 7 54 35 60 34 15 41 50 26 27 59 16 28 19 6 23 51 62 44 17 24 4 20 45 25 2 61 33 29 14 49 13 63 38 42 56 53 30 58 47 9 12 21 1 3 55 43 40
22 51 27 41 1 12 44 46 40 32 5 24 2 30 4 36 54 62 48 26 60 28 52 8 29 42 47 50 58 14 64 6 49 35 20 18 13 53 23 25 37 43 11 39 55 56 19 16 61 3 45 17 59 57 63 10 7 15 9 21 38 33 31 34
32 3 16 42 37 35 38 51 47 56 40 12 31 45 62 5 29 6 4 17 13 7 10 33 50 19 59 24 14 58 8 34 43 46 25 15 23 30 63 26 44 11 49 60 53 64 28 55 36 52 39 1 48 54 61 18 22 2 20 41 27 9 21 57
7 23 39 42 31 44 49 41 18 6 47 63 13 32 50 51 16 53 5 58 59 11 15 9 14 37 26 20 8 38 36 62 19 60 17 56 48 45 52 61 12 24 21 55 3 40 57 33 4 64 35 2 27 30 29 1 22 28 10 43 54 46 25 34
55 63 39 28 22 62 56 17 33 26 49 6 37 19 20 48 52 40 43 3 58 8 15 25 51 7 41 44 34 24 46 14 16 38 18 29 4 42 12 27 11 64 60 10 36 45 59 61 2 23 9 31 13 32 50 47 1 5 35 54 21 53 57 30
10 32 60 62 8 56 33 23 21 26 20 9 40 7 2 5 58 15 57 41 29 28 11 3 36 24 52 64 59 55 39 30 34 22 43 47 37 16 12 46 61 42 14 6 45 17 63 13 31 51 50 38 53 49 44 54 4 27 48 1 25 18 19 35
27 19 62 52 55 5 20 6 30 17 44 2 37 16 9 45 61 48 26 53 15 23 34 43 24 57 58 56 12 42 63 13 3 41 8 47 32 25 11 28 7 29 36 59 21 46 4 54 50 64 38 39 49 31 33 40 14 51 10 22 60 1 35 18
38 60 63 39 59 16 32 30 52 56 42 45 25 6 18 29 47 11 31 17 22 15 55 37 51 44 10 4 24 14 57 2 21 50 5 41 58 64 49 27 20 54 9 34 28 3 40 19 53 1 7 35 61 46 23 36 62 12 8 26 13 43 33 48
53 23 18 56 1 50 35 59 14 7 44 54 47 12 60 19 6 2 29 31 26 4 10 11 36 24 27 46 22 33 39 5 30 42 61 25 20 64 55 32 62 28 41 40 34 9 17 37 48 49 21 16 15 38 63 43 8 58 51 57 3 13 52 45
13 40 46 9 59 32 47 22 10 35 24 58 43 55 64 45 57 62 4 34 20 8 21 31 56 33 5 28 50 11 2 60 16 38 44 6 49 18 12 15 17 48 23 19 41 54 26 53 1 14 7 3 63 25 39 52 30 42 29 27 37 51 36 61
38 41 50 59 19 23 39 53 6 51 7 52 31 34 14 57 13 27 54 36 37 9 21 56 44 63 48 47 33 26 64 5 40 55 25 11 29 30 28 42 15 22 1 60 45 62 3 24 17 32 61 8 18 10 4 2 58 16 20 49 43 35 12 46
50 25 15 26 22 45 48 20 43 47 62 46 12 1 36 54 41 23 5 37 18 51 44 40 61 57 7 52 27 3 6 2 64 56 30 17 39 58 34 19 8 10 14 59 28 16 63 32 38 9 53 24 35 11 31 13 33 4 29 49 21 55 60 42
45 20 40 49 16 22 26 59 11 57 38 2 29 31 46 18 8 4 47 37 9 41 10 23 55 34 56 53 63 19 33 30 13 43 28 27 39 64 25 21 36 51 54 15 62 12 14 35 1 44 48 7 61 5 6 24 3 58 42 50 32 52 17 60
56 49 10 14 22 27 54 36 21 16 31 52 40 37 13 20 12 38 41 45 23 24 15 17 30 55 9 53 26 11 2 32 6 33 4 1 35 46 39 48 29 62 7 47 51 44 25 5 64 18 3 50 63 28 58 34 60 57 19 43 8 59 61 42
16 25 50 64 47 26 23 61 28 38 30 39 56 13 54 19 20 37 33 59 60 55 11 62 22 18 32 12 3 43 14 31 36 58 45 24 27 46 57 17 2 10 34 5 40 8 48 41 63 7 51 52 15 29 44 1 35 49 9 42 53 6 21 4
18 54 53 44 47 8 27 11 1 37 7 23 42 2 49 10 5 22 32 9 51 29 62 3 45 30 46 35 26 60 4 59 14 33 55 24 34 61 6 58 20 63 25 19 48 40 13 38 64 52 36 43 50 39 41 12 21 28 16 56 31 57 17 15
53 13 48 15 14 63 58 28 45 51 10 34 5 52 49 55 30 22 46 4 20 21 64 35 8 50 17 26 18 60 12 31 2 27 11 38 61 16 54 57 32 25 62 23 59 36 47 33 24 56 29 40 37 43 1 6 9 39 3 42 44 19 7 41
23 46 15 17 5 60 10 42 45 51 22 7 39 41 63 50 38 28 32 59 43 20 57 12 58 62 16 26 19 2 36 47 33 25 44 24 4 53 18 49 8 9 6 21 30 48 1 11 40 61 14 54 55 29 37 52 64 3 34 13 56 31 35 27
61 32 30 43 17 4 18 63 44 20 58 10 42 48 5 9 38 56 39 26 33 12 35 31 54 15 8 57 27 25 53 29 19 11 55 2 24 36 45 41 21 49 40 3 59 22 28 34 6 23 16 7 46 64 13 52 60 47 51 37 1 14 50 62
6 56 52 7 38 13 62 33 8 24 53 25 12 45 17 22 49 14 60 55 19 47 29 11 2 46 31 9 21 42 59 15 61 16 40 48 28 27 18 4 58 37 36 35 57 64 23 5 34 39 50 44 54 51 43 3 20 30 63 26 10 1 41 32
39 41 46 34 45 60 63 21 19 52 7 17 44 9 37 30 54 29 51 2 18 27 53 42 3 59 32 55 15 25 57 47 11 16 20 58 6 56 24 48 4 5 40 23 8 28 62 10 26 31 33 49 35 36 64 22 61 38 1 12 50 43 14 13
40 63 24 8 23 29 16 50 20 2 27 33 10 6 21 56 60 52 7 49 12 9 11 30 15 62 28 44 1 19 35 41 53 59 43 36 46 32 48 58 38 31 57 42 5 37 4 64 13 61 51 25 17 3 26 54 22 34 18 39 45 47 14 55
32 52 59 17 23 11 13 14 4 2 40 34 61 44 9 49 41 7 58 35 45 30 10 24 62 3 33 38 48 37 53 29 56 6 5 63 47 57 20 60 15 51 36 1 54 55 8 26 22 31 19 25 64 50 28 43 42 21 27 18 16 12 46 39
35 50 34 2 28 5 15 18 48 25 31 41 62 60 10 40 4 39 61 16 11 53 13 43 24 49 12 20 23 44 38 57 32 42 21 27 36 51 56 6 59 63 8 55 7 3 26 9 46 1 52 14 54 30 47 58 37 33 22 29 45 17 19 64
64 25 41 1 29 35 23 61 59 22 27 42 13 5 8 57 51 39 44 12 45 7 15 55 49 40 34 16 37 63 3 62 28 17 14 11 46 31 19 60 36 54 4 56 48 10 21 47 52 58 50 53 43 26 30 9 2 18 20 38 6 24 32 33
6 26 38 5 62 36 25 11 34 2 50 13 45 12 8 27 23 9 24 40 55 39 59 64 14 57 7 18 4 58 37 43 63 16 53 60 35 61 21 51 32 54 48 3 29 33 31 44 20 47 46 17 1 41 42 52 15 22 28 56 10 30 49 19
24 29 41 52 44 48 4 38 9 19 59 45 53 40 35 31 21 1 5 42 17 26 14 11 6 55 64 16 32 36 7 57 43 27 2 12 34 13 20 37 10 23 50 33 22 3 18 49 54 63 39 28 58 25 62 15 60 8 46 30 61 47 56 51
41 1 57 63 59 35 51 64 23 44 6 52 37 9 8 25 54 55 45 27 50 61 15 22 49 43 19 17 56 29 7 3 26 10 14 39 33 53 47 12 38 16 20 24 31 13 30 60 36 2 21 32 58 46 28 62 4 48 18 5 11 34 42 40
39 53 3 23 29 30 27 44 17 56 18 8 43 60 40 47 6 52 20 55 46 2 37 34 36 61 57 28 25 24 16 14 42 58 31 15 10 9 54 64 45 48 50 26 11 13 19 22 21 62 12 5 63 59 51 38 33 1 41 35 4 49 32 7
53 32 49 28 14 44 55 7 43 62 29 9 26 27 19 11 42 38 2 48 23 61 5 45 30 17 21 31 34 46 50 60 20 54 1 33 57 4 40 22 63 59 52 13 6 24 58 35 8 16 64 51 3 18 39 12 36 37 25 10 15 47 41 56
27 45 31 3 18 50 10 30 19 17 60 23 59 51 25 53 2 40 56 61 42 6 15 28 4 35 54 38 62 13 9 63 20 33 26 58 32 14 8 64 12 7 39 5 43 22 49 37 57 52 16 47 48 44 1 55 46 36 41 11 24 21 34 29
56 37 39 28 41 26 18 57 15 29 55 8 20 51 16 4 48 11 5 7 58 35 9 45 52 25 53 32 36 10 1 33 21 22 31 12 60 27 63 24 64 49 54 61 43 19 6 46 47 13 42 34 50 62 14 30 2 44 17 38 3 59 40 23
30 47 40 42 7 48 55 34 17 26 59 9 49 28 5 1 35 27 51 2 32 23 25 37 46 64 16 6 50 56 15 10 19 24 38 33 62 61 45 53 43 11 22 44 57 29 54 63 31 39 13 3 8 12 14 52 21 41 4 58 60 18 36 20
14 5 52 9 7 38 15 57 12 40 35 22 49 25 54 4 58 20 17 1 21 11 24 61 23 50 36 55 48 56 30 41 31 63 46 13 44 26 37 34 6 39 42 51 64 47 28 2 45 33 59 62 18 60 32 29 3 43 27 8 16 19 53 10
12 6 25 1 31 59 9 38 54 50 24 33 29 10 23 13 17 46 61 21 62 40 39 43 8 11 34 48 7 42 37 55 53 51 5 22 63 26 49 3 58 14 57 60 20 52 45 2 30 15 19 64 41 47 56 4 36 16 35 32 28 27 18 44
41 1 54 34 3 57 39 38 48 62 6 40 16 13 63 12 7 49 56 47 30 28 37 18 60 11 4 20 31 36 44 15 9 55 10 45 17 61 25 29 19 27 42 58 32 33 21 26 8 14 43 5 51 35 24 52 46 64 22 59 50 23 2 53
47 62 20 2 63 43 23 24 21 42 4 61 26 6 36 28 54 13 3 60 64 50 22 33 9 55 29 58 35 8 31 46 15 49 37 40 12 25 17 1 53 45 51 44 56 16 39 48 57 19 10 59 52 14 18 11 41 30 27 34 38 32 5 7
59 48 56 2 30 24 35 20 42 43 47 8 49 5 1 54 38 7 12 15 40 32 3 45 25 11 61 41 16 13 34 62 36 9 58 57 46 63 37 39 27 60 6 26 17 31 44 51 23 52 22 18 19 33 53 50 64 21 29 55 10 14 4 28
50 4 27 20 28 36 59 26 13 6 24 44 48 40 9 55 18 17 38 5 30 3 7 19 35 39 45 22 8 64 16 53 33 2 21 47 23 49 14 42 1 57 37 31 25 11 62 56 54 10 43 51 60 61 58 29 41 63 46 15 12 34 32 52
57 19 21 48 45 13 12 63 59 62 14 22 10 55 11 36 56 58 28 20 18 5 15 34 7 27 40 24 23 60 9 17 61 46 1 16 47 50 44 3 29 6 51 64 2 8 25 41 49 4 38 52 54 31 35 33 26 37 39 53 30 32 42 43
35 19 8 39 60 29 64 33 62 48 15 20 47 13 52 51 55 26 11 25 5 3 53 7 41 42 22 54 44 6 18 10 12 27 63 49 59 21 50 4 43 36 16 46 38 1 61 24 40 32 9 23 28 2 37 56 45 30 34 58 17 57 31 14
1 51 6 54 3 20 46 21 19 22 59 44 43 28 34 27 14 9 13 5 64 60 42 52 41 15 53 17 8 11 63 12 58 25 62 49 10 18 32 24 29 47 7 50 36 35 2 30 23 61 48 57 55 56 39 40 45 33 37 38 16 26 31 4
53 17 28 12 18 23 6 8 3 16 25 22 61 38 57 44 40 10 52 13 1 47 60 43 24 55 21 46 62 32 50 33 39 37 7 64 34 48 2 36 29 56 51 31 26 35 4 5 63 59 9 54 42 58 15 14 27 19 11 49 45 41 30 20
6 40 30 9 1 21 28 47 14 58 20 35 2 49 22 13 57 27 16 8 60 36 26 43 42 54 52 45 41 55 5 50 4 12 25 46 31 61 38 11 33 62 18 29 10 56 44 63 7 34 3 37 48 64 53 23 59 15 39 32 17 24 51 19
12 17 30 55 61 48 11 59 27 21 25 47 37 46 62 50 14 60 36 26 41 9 39 13 18 20 38 43 7 29 44 31 23 49 10 54 6 58 8 1 24 28 51 16 22 45 56 57 2 3 40 4 42 64 19 15 35 32 63 53 33 34 52 5
53 32 12 58 41 17 57 13 24 48 14 35 52 25 31 3 42 26 7 56 39 15 30 43 54 62 34 16 20 27 40 11 38 49 59 60 10 47 19 6 4 28 37 64 23 55 29 1 46 36 22 61 8 5 63 9 21 18 45 2 33 50 51 44
5 57 32 62 54 2 48 24 33 14 51 36 9 30 31 13 46 56 10 25 3 35 40 63 41 49 53 39 4 60 61 20 59 1 15 50 43 19 8 16 64 6 45 28 26 55 37 27 52 44 7 47 11 12 22 21 29 34 18 58 23 38 17 42
48 44 25 5 24 20 59 64 55 10 29 60 2 8 49 62 50 46 15 13 35 40 56 12 32 57 47 28 16 9 43 63 42 6 31 37 4 52 38 41 30 18 7 51 61 27 14 26 36 22 33 45 11 23 19 21 53 17 3 34 54 58 39 1
62 11 26 57 23 49 28 7 48 37 53 39 38 17 15 50 25 30 18 32 12 64 63 40 29 47 51 9 16 34 5 60 42 35 61 45 27 8 13 31 56 41 58 52 10 3 43 6 46 20 33 2 1 24 4 19 21 44 22 54 36 59 14 55
13 35 22 16 47 19 43 1 14 7 37 39 12 45 40 61 6 64 26 3 17 58 63 18 46 52 11 56 41 25 30 36 31 60 62 59 8 55 5 51 9 28 29 24 49 44 33 34 23 20 48 15 38 2 10 50 21 57 4 27 54 53 32 42
40 28 23 25 58 26 41 21 37 53 15 22 2 38 47 31 18 30 1 36 19 32 24 4 59 64 33 56 16 9 8 35 44 12 13 60 52 45 43 29 42 11 27 14 17 6 7 46 20 57 34 5 48 54 62 39 63 50 61 3 51 10 49 55
22 24 39 59 27 10 4 43 25 60 33 61 19 28 17 52 57 2 48 58 53 36 15 29 42 44 40 32 51 16 5 21 14 56 64 55 9 35 38 1 50 41 11 34 63 7 12 30 13 20 47 62 54 26 31 49 8 23 6 37 46 3 45 18
64 56 11 59 12 51 58 42 2 43 4 55 13 57 31 19 33 49 21 27 34 5 10 22 37 52 63 61 40 41 24 30 15 44 7 32 48 50 14 1 60 54 38 3 26 47 36 25 6 18 39 23 28 45 62 9 20 35 8 53 46 29 17 16
8 59 15 6 48 43 55 39 13 24 38 34 23 2 3 53 21 56 36 33 58 51 7 61 54 17 44 45 30 26 20 27 37 41 64 42 10 31 4 14 9 63 52 11 19 25 16 57 12 47 32 40 18 29 62 22 49 35 1 5 50 46 28 60
10 1 26 27 63 8 7 16 49 19 25 11 36 5 29 22 59 53 35 64 23 62 3 34 20 4 9 44 6 39 13 30 21 51 17 61 15 52 38 32 47 2 55 12 41 50 28 33 45 43 42 56 48 40 18 54 58 14 31 37 57 46 24 60
22 16 50 45 13 59 56 39 35 8 19 21 46 6 48 10 47 5 31 62 57 25 33 61 58 55 43 18 44 40 2 9 64 3 4 32 20 12 41 51 30 52 63 42 60 17 7 38 27 11 1 29 15 26 53 23 28 24 36 37 34 54 49 14
35 36 31 28 2 14 56 8 46 34 50 52 54 51 1 23 58 55 17 41 25 62 18 59 60 39 11 44 21 32 38 15 37 40 64 10 22 13 24 7 48 47 61 43 12 4 19 49 16 29 9 6 26 3 45 5 42 33 30 27 57 53 20 63
28 3 5 2 62 49 26 37 50 30 16 19 22 10 17 63 60 4 55 64 38 44 31 57 24 1 12 51 33 15 46 39 21 45 14 61 53 11 58 35 27 25 52 40 6 36 59 20 29 23 13 34 47 41 43 54 48 8 18 9 32 42 56 7
60 19 4 15 1 42 48 57 61 47 22 20 46 29 21 63 38 37 14 12 28 7 53 55 34 33 52 54 8 41 64 31 50 39 26 56 58 35 10 3 23 11 18 44 36 6 51 5 43 32 9 25 2 24 40 62 27 45 49 16 30 17 59 13
22 62 48 32 42 31 33 45 15 7 58 54 39 8 43 10 18 40 9 23 63 16 51 38 30 20 57 17 60 13 19 11 5 27 41 50 12 3 14 28 49 61 64 52 21 25 1 46 37 24 47 29 34 56 55 2 53 4 6 36 26 59 44 35
12 40 59 57 26 28 16 33 11 31 14 45 54 24 22 6 37 39 41 44 23 60 50 56 58 13 52 43 25 2 48 51 1 3 20 46 42 18 62 36 19 38 15 35 34 8 5 32 55 64 61 30 17 10 27 4 9 53 29 21 47 63 7 49
1 46 56 62 47 52 17 8 13 63 27 39 42 38 54 12 41 49 9 60 11 50 59 37 32 7 19 55 2 14 51 45 15 4 35 34 20 3 48 23 33 6 16 43 24 58 40 53 31 10 18 57 64 28 61 22 26 44 21 36 5 29 25 30
20 12 35 26 13 18 16 44 54 33 50 58 34 29 3 19 10 63 27 1 4 49 9 39 43 17 21 14 37 42 6 56 23 40 2 48 46 36 11 8 31 25 41 62 38 15 51 28 52 59 30 45 22 5 57 24 32 47 7 60 64 61 55 53
58 33 51 18 29 35 23 54 20 37 56 38 31 34 3 8 46 49 15 22 17 5 48 39 25 1 42 19 43 7 6 44 36 57 2 11 32 40 60 9 61 10 53 41 30 28 21 26 4 52 14 24 47 59 55 64 12 62 13 63 16 50 27 45
10 19 53 57 7 29 13 38 36 20 17 40 33 24 21 60 41 47 31 48 4 50 37 8 64 52 16 63 62 32 28 23 49 30 18 45 54 22 51 27 15 42 11 26 44 34 14 1 35 61 25 2 5 43 55 6 59 12 39 9 56 3 58 46
43 28 56 44 8 3 20 15 46 50 57 53 35 33 1 2 40 42 49 34 11 22 5 41 23 60 45 39 9 61 6 64 17 63 18 27 59 12 31 25 24 7 21 29 4 51 48 62 37 58 38 54 10 47 36 55 14 19 16 52 30 26 13 32
5 58 24 2 54 64 14 32 6 40 19 59 38 60 4 45 23 27 9 50 3 18 52 56 61 20 39 36 11 62 21 41 49 25 37 48 34 53 33 15 16 1 10 22 31 63 35 57 46 47 28 29 44 55 42 26 13 12 43 7 17 30 51 8
15 22 57 34 50 1 43 59 3 39 61 42 21 12 16 5 26 37 55 54 25 24 63 36 27 58 56 28 48 8 40 19 47 13 18 62 46 51 6 11 33 49 4 9 2 32 53 23 64 41 10 52 7 20 60 30 45 31 14 29 35 17 44 38
16 27 62 37 58 48 46 35 47 38 15 6 25 52 50 53 31 64 18 23 36 29 17 33 21 43 20 45 1 60 44 8 26 5 10 49 24 51 14 13 61 59 28 12 4 41 9 7 22 54 63 11 42 34 19 55 30 2 56 57 3 39 32 40
8 6 18 33 42 12 61 64 46 15 47 38 17 29 22 62 30 43 23 45 56 27 32 21 7 37 10 53 28 40 57 44 11 3 35 63 55 59 25 26 20 52 24 39 48 60 4 16 19 13 1 58 2 9 51 31 14 50 54 5 36 34 49 41
58 23 9 60 22 63 35 40 27 20 7 49 51 15 17 43 55 26 31 6 64 28 12 41 57 4 44 2 10 46 5 30 47 1 21 18 53 54 42 25 29 59 8 16 36 24 48 45 34 56 33 37 32 39 14 11 19 61 52 38 62 3 13 50
30 7 63 60 23 54 64 50 11 26 43 3 53 18 62 36 33 8 49 20 57 27 17 45 55 29 59 42 48 10 34 28 2 1 19 14 12 24 47 15 6 61 40 56 46 44 35 39 4 52 16 38 51 13 5 37 25 21 58 32 22 41 31 9
15 21 23 49 46 59 47 14 48 12 43 36 9 42 11 39 44 16 54 57 5 61 62 4 28 24 38 13 41 20 55 26 8 18 50 30 31 56 17 32 22 53 40 35 1 29 7 45 3 2 37 51 27 60 33 34 58 25 10 6 19 52 63 64
26 6 41 39 1 11 44 64 28 15 30 10 56 42 62 2 40 34 17 4 23 29 38 61 18 53 51 60 50 7 31 16 55 24 8 25 5 33 43 54 57 13 52 20 9 36 3 59 47 37 19 48 49 45 27 63 21 58 14 22 46 32 35 12
63 32 16 24 3 28 62 53 2 38 15 33 9 1 60 10 23 48 47 14 34 61 40 11 45 50 19 5 8 6 7 57 18 56 58 52 59 4 20 39 46 29 17 22 44 31 51 26 35 37 12 36 49 42 13 30 43 27 41 64 55 25 21 54
26 11 58 53 14 33 12 38 21 25 39 2 45 35 13 34 41 28 51 4 61 27 60 54 31 5 30 9 22 63 10 23 49 55 42 48 16 15 1 36 43 47 29 57 50 19 20 24 32 59 64 6 40 46 62 52 18 17 8 7 3 37 44 56
51 48 44 45 64 38 55 23 60 4 11 18 40 3 10 47 13 30 34 1 52 7 21 63 49 33 36 24 29 5 9 26 17 6 14 22 43 54 2 8 56 16 12 62 39 46 41 19 20 35 58 37 50 42 61 28 32 59 53 15 25 31 27 57
9 12 48 23 27 6 37 2 14 32 20 45 15 53 4 49 16 26 50 24 57 8 58 55 35 28 19 56 41 52 60 47 13 31 10 62 5 51 61 29 38 63 43 1 39 17 40 44 7 11 21 30 18 42 3 22 34 33 54 46 36 25 59 64
40 29 51 13 4 31 62 23 50 7 14 54 24 6 1 61 56 16 44 58 47 35 11 36 49 5 28 60 17 42 32 8 38 37 20 52 64 63 18 22 26 21 57 33 59 53 48 45 41 46 10 15 39 3 34 9 43 30 27 12 25 2 19 55
53 33 60 7 32 17 58 43 52 20 28 30 36 22 16 18 51 26 11 34 46 63 38 10 9 48 40 39 25 19 23 35 4 41 1 45 6 29 50 42 2 21 14 3 44 37 61 15 31 59 62 56 5 47 49 55 57 13 64 54 24 8 12 27
44 27 63 3 9 41 49 55 16 2 7 28 25 12 15 14 57 50 6 34 32 24 48 19 30 8 26 20 62 36 23 46 17 43 13 52 39 37 40 42 29 54 58 33 22 4 1 10 64 56 60 51 21 59 18 31 61 53 45 11 5 35 47 38
64 37 51 26 45 2 29 6 20 14 32 34 42 23 58 38 33 55 1 35 61 4 60 50 7 54 28 15 52 59 40 27 44 12 56 10 13 63 11 8 41 3 31 57 47 39 30 36 49 48 19 22 43 5 62 53 17 9 25 18 21 46 24 16
21 40 48 55 56 61 38 26 50 46 53 62 35 44 29 8 22 42 11 63 16 60 3 24 1 17 4 54 45 57 51 19 52 2 5 9 13 49 34 12 41 20 59 32 6 15 47 10 64 28 39 23 43 14 36 58 31 33 25 18 27 7 37 30
44 15 43 28 36 21 32 5 2 61 14 20 37 23 31 27 6 60 7 26 3 17 63 25 55 8 22 16 47 40 29 13 11 52 10 59 34 53 18 1 30 54 49 33 35 50 19 57 42 62 39 38 48 64 41 58 51 9 46 12 4 24 56 45
12 2 37 55 24 19 20 61 39 60 33 56 42 29 48 21 10 63 25 32 52 7 31 45 26 28 41 43 62 9 44 8 40 5 38 47 11 17 1 57 14 30 64 23 59 16 51 4 35 34 54 46 15 3 22 18 13 53 27 50 49 58 36 6
2 42 6 38 57 25 1 62 56 15 48 40 18 59 60 20 24 45 17 63 13 55 11 49 3 64 53 37 23 35 43 16 21 22 34 10 36 46 44 29 41 7 52 12 30 61 39 8 19 28 26 32 5 14 51 58 31 50 33 47 4 9 54 27
7 51 25 23 42 44 53 6 10 29 16 49 32 17 37 1 57 31 40 2 61 58 5 28 63 36 59 27 22 64 13 54 52 38 19 41 8 39 3 47 62 56 46 55 21 4 33 18 14 26 20 43 12 34 9 11 50 60 48 24 15 45 30 35
34 51 46 45 58 29 49 1 39 40 18 22 26 14 44 13 9 47 48 3 35 11 33 56 43 55 60 2 23 7 61 21 59 32 50 24 41 15 10 4 19 30 27 64 62 36 17 16 8 6 28 63 5 37 57 52 53 38 31 20 42 54 25 12
16 44 21 20 48 61 43 41 37 23 63 55 4 45 51 33 24 32 34 50 1 47 14 49 29 26 30 59 10 25 52 54 28 11 9 17 5 7 57 39 13 6 36 58 27 19 53 2 42 35 62 15 3 46 60 12 40 56 8 38 18 64 22 31
32 47 33 53 42 35 37 28 9 49 25 39 18 27 13 22 7 31 23 54 16 57 29 2 34 26 63 60 48 51 52 21 17 30 1 44 4 59 8 20 64 55 50 36 58 38 11 46 19 3 15 56 62 5 40 14 61 43 45 41 24 12 6 10
21 49 51 32 48 64 36 19 27 8 20 6 4 33 59 16 24 14 28 42 53 29 58 44 60 1 63 30 61 40 17 18 62 41 55 23 39 9 47 34 2 37 31 3 56 11 38 57 7 54 35 13 22 25 5 43 26 10 50 12 15 45 46 52
12 4 35 3 34 38 30 14 61 37 42 28 44 43 6 15 20 26 64 63 52 59 49 29 47 13 48 31 55 54 45 11 60 32 19 9 62 36 17 8 46 40 21 39 50 7 18 22 53 5 27 33 56 51 10 25 24 1 16 57 2 23 58 41
51 20 58 53 30 18 37 17 62 10 1 6 16 59 54 11 31 21 64 4 27 56 7 26 8 32 46 41 47 61 55 49 63 12 2 44 50 15 29 25 34 22 28 40 42 13 14 24 60 43 45 3 38 5 52 39 57 36 35 33 48 9 23 19
9 32 41 37 62 28 58 64 61 16 6 17 49 34 48 8 42 5 57 55 2 7 51 43 14 22 52 50 27 21 40 13 31 38 33 11 12 3 53 24 36 18 56 60 46 23 47 19 15 25 1 20 39 26 29 59 54 35 44 63 4 30 10 45
34 48 51 10 54 30 13 8 11 29 41 4 35 49 46 39 56 55 14 62 23 42 25 32 7 28 20 64 9 12 50 24 53 16 15 17 36 6 2 27 57 26 40 43 38 52 60 22 1 18 61 31 37 44 45 47 33 59 5 58 19 63 3 21
63 36 28 25 62 12 13 60 53 4 23 11 24 29 42 59 9 34 5 61 52 19 44 64 56 39 35 15 50 58 1 2 21 6 46 14 38 40 33 51 7 3 10 57 31 47 22 32 48 16 41 8 20 49 45 43 27 30 55 17 26 18 37 54
33 17 61 27 1 34 21 43 37 10 39 58 6 48 38 57 45 29 15 52 9 30 16 13 49 47 41 28 54 59 24 46 3 36 25 12 50 60 63 5 51 35 56 53 8 4 22 23 55 64 32 62 26 31 44 7 19 2 42 40 11 20 18 14
8 32 54 18 46 36 3 41 49 60 11 7 20 43 64 56 9 13 1 37 26 33 19 6 23 12 61 45 31 4 53 57 42 24 39 34 5 38 29 47 62 2 52 15 21 50 25 14 22 58 51 48 63 10 17 44 40 16 55 30 59 28 27 35
27 16 13 40 20 41 11 47 52 32 1 21 55 24 10 17 44 2 56 59 51 34 35 29 15 37 46 64 62 9 31 28 49 58 14 43 45 36 30 8 60 54 3 39 48 5 38 6 33 50 26 53 63 25 4 22 61 23 57 12 18 7 42 19
60 53 43 34 23 16 51 1 56 35 30 49 15 48 21 45 2 52 25 42 59 61 28 13 19 24 31 3 29 63 9 39 62 7 5 6 55 33 14 37 18 64 40 12 32 38 57 10 46 47 44 17 50 54 11 4 8 41 20 27 36 22 58 26
2 61 8 39 7 11 21 52 53 9 51 62 38 30 58 29 17 27 37 25 14 16 32 60 55 46 33 19 63 54 13 59 48 57 18 41 40 28 47 20 50 35 10 31 64 3 12 44 43 45 5 34 56 4 1 23 49 22 24 42 6 26 15 36
13 5 30 59 39 26 31 54 62 23 55 44 7 20 12 15 6 51 11 63 46 1 28 53 64 40 24 56 37 60 3 8 14 58 22 57 9 10 45 25 27 18 47 41 49 42 33 34 4 16 21 17 32 2 48 35 38 29 43 50 52 36 19 61
23 37 3 62 41 60 42 53 51 54 55 30 11 47 33 20 1 10 26 48 31 57 61 8 45 44 14 32 16 34 15 24 4 12 18 58 49 52 2 46 9 43 28 27 17 25 40 64 56 59 13 22 21 36 38 63 19 50 39 6 29 7 35 5
11 13 60 56 2 37 34 19 6 40 32 45 35 23 25 49 10 57 29 42 50 47 8 21 39 41 44 9 14 51 4 16 28 53 43 3 38 7 48 64 24 17 63 55 15 30 61 36 22 59 52 31 62 5 12 58 46 1 27 26 18 20 33 54
47 29 19 51 6 34 58 39 62 10 42 27 53 28 55 20 30 64 46 3 22 41 17 57 33 52 18 21 61 38 13 60 54 50 2 14 44 26 23 40 16 45 8 36 12 63 11 37 32 5 4 49 56 43 48 1 24 31 25 7 35 15 9 59
32 39 15 59 46 45 8 43 22 52 19 26 60 29 4 55 14 12 34 48 6 63 31 7 38 25 47 50 42 9 41 33 37 62 40 28 27 13 53 64 3 17 24 21 56 57 11 16 1 5 18 49 23 61 35 2 58 54 10 51 36 20 30 44
56 15 35 43 36 57 58 24 63 45 8 40 10 34 54 25 28 20 60 44 59 30 23 51 21 37 55 47 11 29 17 18 14 64 26 33 48 7 39 2 61 52 49 9 1 38 32 31 5 4 12 41 6 22 46 3 19 16 50 42 62 13 53 27
3 50 32 22 18 37 8 5 48 46 52 36 44 4 28 56 19 34 45 17 33 21 60 1 12 25 10 20 6 14 54 15 24 30 47 26 62 63 58 64 31 35 42 13 40 38 16 2 61 51 9 43 55 29 7 11 23 41 49 27 53 57 39 59
8 4 32 21 23 11 24 14 47 25 30 33 1 27 15 56 16 43 42 60 41 49 59 5 29 22 18 62 28 55 54 3 20 34 7 51 37 12 63 48 53 45 58 13 39 26 40 35 9 10 36 44 38 31 2 50 64 52 46 57 17 6 19 61
29 52 18 5 15 27 20 62 26 44 46 40 14 61 59 31 60 58 19 34 9 30 39 12 54 25 8 57 51 38 22 47 11 55 24 37 49 41 23 13 42 63 43 64 10 7 17 4 16 45 2 3 56 21 33 1 36 53 6 48 28 32 35 50
17 20 39 12 43 3 61 24 21 38 51 8 37 56 28 27 16 55 14 58 34 23 9 4 10 19 18 15 45 59 49 2 5 29 40 6 32 48 64 25 41 44 13 63 31 42 52 36 35 22 60 26 33 1 47 57 54 30 11 53 62 46 7 50
11 45 7 28 53 6 61 64 52 58 29 34 55 8 1 18 27 26 48 51 33 36 17 19 25 16 63 44 23 21 57 59 41 22 62 9 5 60 4 10 2 42 3 49 47 30 43 56 38 40 32 14 46 24 50 37 39 13 15 20 54 35 12 31
62 14 20 9 34 22 46 18 2 29 39 7 57 5 32 53 31 58 15 52 30 26 51 6 24 37 19 13 16 48 56 50 60 27 41 11 36 43 64 3 49 23 25 10 44 35 17 33 42 1 4 59 61 28 8 47 54 45 38 55 40 12 63 21
25 53 17 8 31 46 32 49 18 44 3 62 51 38 48 26 45 42 1 29 22 12 59 41 55 33 37 14 58 9 21 30 43 34 40 20 28 52 23 11 19 39 6 4 35 61 10 36 5 63 60 56 7 47 54 50 13 24 2 64 57 16 27 15
24 5 28 22 1 30 61 8 11 37 40 7 19 26 10 52 29 32 20 34 63 14 13 43 51 31 15 44 57 25 47 56 64 49 33 35 9 50 55 48 6 4 23 54 16 42 3 17 12 62 27 53 21 45 59 41 46 60 18 39 2 58 38 36
43 19 41 48 18 51 29 40 47 54 37 25 14 62 52 3 50 61 1 17 5 7 46 53 15 12 64 9 35 23 30 24 58 21 56 42 31 39 63 34 2 6 11 8 32 45 60 27 10 28 44 16 26 36 59 20 22 55 33 13 38 49 4 57
31 13 63 8 59 17 58 45 12 27 36 54 30 4 24 14 1 16 57 2 42 52 15 46 53 49 11 22 40 10 26 19 9 23 5 47 55 29 44 37 18 25 20 41 34 7 64 61 21 3 6 33 51 50 48 39 28 35 43 62 38 60 32 56
27 53 55 2 25 42 10 52 22 34 36 26 56 37 58 57 51 17 40 28 13 62 3 14 45 15 64 32 1 48 54 6 23 44 11 19 39 50 63 33 9 7 4 38 41 61 49 5 59 47 21 12 29 8 60 35 31 24 20 43 30 46 16 18
61 38 10 48 43 34 13 15 55 63 1 29 47 39 27 25 33 50 17 19 30 64 51 31 21 8 20 24 52 54 49 18 60 41 35 44 22 26 9 56 45 40 11 28 6 46 37 23 7 2 5 62 53 32 14 16 36 12 3 42 59 57 58 4
19 20 23 44 10 37 16 17 53 33 21 62 54 57 59 12 50 40 58 61 14 18 22 56 43 51 46 48 5 15 26 2 13 49 55 34 60 45 1 63 6 64 38 32 3 4 25 7 30 36 28 39 8 11 27 52 9 47 31 41 42 29 35 24
7 4 14 11 38 1 15 30 50 9 40 26 24 31 33 8 6 41 19 34 59 64 37 28 53 55 54 52 25 32 17 48 22 39 63 57 16 27 46 35 42 2 23 5 60 3 56 36 21 18 45 51 12 49 62 61 10 47 20 13 58 43 44 29
53 48 62 15 16 43 40 42 54 63 61 44 12 58 23 33 52 35 37 64 8 2 10 36 26 13 5 19 59 57 28 3 51 31 49 47 1 34 9 21 39 22 7 4 17 50 25 41 38 20 29 27 45 46 30 60 24 6 32 11 14 55 18 56
9 3 6 28 51 39 32 48 60 19 59 56 37 50 18 36 10 21 12 34 2 38 47 55 41 22 13 53 23 24 57 44 42 15 4 5 1 29 17 63 16 62 26 49 35 14 40 45 64 61 58 54 43 11 33 46 20 7 52 8 30 25 31 27
51 28 10 16 41 40 42 6 27 29 34 43 58 62 46 25 37 3 22 61 17 18 31 63 24 36 14 5 15 9 44 45 23 19 30 13 52 60 35 64 11 56 26 7 12 2 1 50 4 33 49 20 54 59 55 38 53 57 21 8 48 32 47 39
